$ 1 0.000005 10.20027730826997 50 5 43
151 -80 80 0 80 0 2 5 5
151 48 48 128 48 0 2 5 5
151 48 112 128 112 0 2 0 5
151 176 80 256 80 0 2 5 5
151 320 112 400 112 0 2 0 5
151 448 80 512 80 0 2 5 5
151 448 144 512 144 0 2 5 5
151 560 112 624 112 0 2 0 5
151 448 208 512 208 0 2 5 5
w 0 80 0 64 0
w 0 80 0 96 0
w 0 96 48 96 0
w 0 64 48 64 0
w -80 64 -80 32 0
w -80 32 48 32 0
w -80 96 -80 128 0
w -80 128 48 128 0
w -80 32 -144 32 0
w -80 128 -144 128 0
w 128 48 176 64 0
w 128 112 176 96 0
w 256 80 256 64 0
w 256 64 320 64 0
w 320 64 320 96 0
w 320 64 448 64 0
w 320 128 320 160 0
w 320 160 -144 160 0
w 320 160 448 160 0
w 400 112 400 96 0
w 400 112 400 128 0
w 400 96 448 96 0
w 400 128 448 128 0
w 512 80 560 96 0
w 512 144 560 128 0
w 0 96 0 192 0
w 0 192 448 192 0
w 400 128 400 224 0
w 400 224 448 224 0
w 656 336 656 320 0
M 624 112 672 112 0 2.5
L -144 32 -192 32 0 0 false 5 0
L -144 128 -192 128 0 1 false 5 0
L -144 160 -192 160 0 1 false 5 0
M 512 208 672 208 0 2.5
