$ 1 0.000005 10.20027730826997 50 5 43
154 240 32 352 32 0 2 5 5
154 -32 160 80 160 0 2 0 5
154 -32 288 80 288 0 2 5 5
154 -32 416 80 416 0 2 5 5
154 240 160 352 160 0 2 0 5
154 240 288 352 288 0 2 0 5
154 240 416 352 416 0 2 0 5
150 -32 96 80 96 0 2 0 5
150 -32 224 80 224 0 2 5 5
150 -32 352 80 352 0 2 0 5
w -32 16 -80 16 0
w -32 48 -64 48 0
w -32 80 -80 80 0
w -80 16 -80 80 0
w -32 112 -64 112 0
w -64 48 -64 112 0
w -32 144 -80 144 0
w -32 208 -80 208 0
w -32 176 -64 176 0
w -32 240 -64 240 0
w -80 144 -80 208 0
w -64 176 -64 240 0
w -32 272 -80 272 0
w -32 336 -80 336 0
w -32 304 -64 304 0
w -32 368 -64 368 0
w -80 272 -80 336 0
w -64 304 -64 368 0
w -32 400 -80 400 0
w -32 432 -80 432 0
L -80 16 -160 16 0 0 false 5 0
L -64 48 -160 48 0 1 false 5 0
L -80 144 -160 144 0 1 false 5 0
L -64 176 -160 176 0 1 false 5 0
L -80 272 -160 272 0 0 false 5 0
L -64 304 -160 304 0 1 false 5 0
L -80 400 -160 400 0 1 false 5 0
L -80 432 -160 432 0 0 false 5 0
w -32 16 240 16 0
w -32 48 240 48 0
M 352 32 464 32 0 2.5
M 352 160 464 160 0 2.5
M 352 288 464 288 0 2.5
M 352 416 464 416 0 2.5
w 80 160 176 160 0
w 176 160 176 176 0
w 176 176 240 176 0
150 240 224 352 224 0 2 0 5
150 240 352 352 352 0 2 5 5
w 80 96 192 96 0
w 192 96 192 144 0
w 192 144 240 144 0
w 192 144 240 208 0
w 176 176 240 240 0
152 160 224 160 272 0 2 5 5
w 80 224 96 224 0
w 96 224 144 224 0
w 176 224 352 224 0
w 160 272 240 272 0
w 80 288 240 304 0
w 160 272 240 368 0
w 80 288 240 336 0
152 160 352 160 400 0 2 5 5
w 80 352 144 352 0
w 352 352 176 352 0
w 160 400 240 400 0
w 80 416 240 432 0
