$ 1 0.000005 10.20027730826997 50 5 43
w -112 48 -96 48 0
w -96 48 -80 48 0
w -80 48 -64 48 0
w -64 48 -48 48 0
w -48 48 -32 48 0
w -32 48 -16 48 0
w -16 48 0 48 0
w 0 48 16 48 0
w 16 48 32 48 0
w 32 48 48 48 0
w 48 48 64 48 0
w 64 48 80 48 0
w 272 48 288 48 0
w 256 48 272 48 0
w 240 48 256 48 0
w 224 48 240 48 0
w 208 48 224 48 0
w 192 48 208 48 0
w 176 48 192 48 0
w 160 48 176 48 0
w 144 48 160 48 0
w 128 48 144 48 0
w 112 48 128 48 0
w 96 48 112 48 0
w 480 48 496 48 0
w 464 48 480 48 0
w 448 48 464 48 0
w 432 48 448 48 0
w 416 48 432 48 0
w 400 48 416 48 0
w 384 48 400 48 0
w 368 48 384 48 0
w 352 48 368 48 0
w 336 48 352 48 0
w 320 48 336 48 0
w 304 48 320 48 0
w 688 48 704 48 0
w 672 48 688 48 0
w 656 48 672 48 0
w 640 48 656 48 0
w 624 48 640 48 0
w 608 48 624 48 0
w 592 48 608 48 0
w 576 48 592 48 0
w 560 48 576 48 0
w 544 48 560 48 0
w 528 48 544 48 0
w 512 48 528 48 0
w 912 48 928 48 0
w 896 48 912 48 0
w 880 48 896 48 0
w 864 48 880 48 0
w 848 48 864 48 0
w 832 48 848 48 0
w 816 48 832 48 0
w 800 48 816 48 0
w 784 48 800 48 0
w 768 48 784 48 0
w 752 48 768 48 0
w 736 48 752 48 0
w -112 48 -128 48 0
w -128 48 -144 48 0
w -144 48 -160 48 0
w -160 48 -176 48 0
w -176 48 -192 48 0
w -192 48 -208 48 0
w -208 48 -224 48 0
w -224 48 -240 48 0
w 80 48 96 48 0
w 288 48 304 48 0
w 496 48 512 48 0
w 704 48 720 48 0
w 720 48 736 48 0
w 720 448 736 448 0
w 704 448 720 448 0
w 496 448 512 448 0
w 288 448 304 448 0
w 80 448 96 448 0
w -224 448 -240 448 0
w -208 448 -224 448 0
w -192 448 -208 448 0
w -176 448 -192 448 0
w -160 448 -176 448 0
w -144 448 -160 448 0
w -128 448 -144 448 0
w -112 448 -128 448 0
w 736 448 752 448 0
w 752 448 768 448 0
w 768 448 784 448 0
w 784 448 800 448 0
w 800 448 816 448 0
w 816 448 832 448 0
w 832 448 848 448 0
w 848 448 864 448 0
w 864 448 880 448 0
w 880 448 896 448 0
w 896 448 912 448 0
w 912 448 928 448 0
w 512 448 528 448 0
w 528 448 544 448 0
w 544 448 560 448 0
w 560 448 576 448 0
w 576 448 592 448 0
w 592 448 608 448 0
w 608 448 624 448 0
w 624 448 640 448 0
w 640 448 656 448 0
w 656 448 672 448 0
w 672 448 688 448 0
w 688 448 704 448 0
w 304 448 320 448 0
w 320 448 336 448 0
w 336 448 352 448 0
w 352 448 368 448 0
w 368 448 384 448 0
w 384 448 400 448 0
w 400 448 416 448 0
w 416 448 432 448 0
w 432 448 448 448 0
w 448 448 464 448 0
w 464 448 480 448 0
w 480 448 496 448 0
w 96 448 112 448 0
w 112 448 128 448 0
w 128 448 144 448 0
w 144 448 160 448 0
w 160 448 176 448 0
w 176 448 192 448 0
w 192 448 208 448 0
w 208 448 224 448 0
w 224 448 240 448 0
w 240 448 256 448 0
w 256 448 272 448 0
w 272 448 288 448 0
w 64 448 80 448 0
w 48 448 64 448 0
w 32 448 48 448 0
w 16 448 32 448 0
w 0 448 16 448 0
w -16 448 0 448 0
w -32 448 -16 448 0
w -48 448 -32 448 0
w -64 448 -48 448 0
w -80 448 -64 448 0
w -96 448 -80 448 0
w -112 448 -96 448 0
v -240 448 -240 384 0 0 40 5 0 0 0.5
s -240 224 -192 224 0 1 false
s -240 272 -192 272 0 1 false
w -240 384 -240 368 0
w -240 368 -240 352 0
w -240 352 -240 336 0
w -240 336 -240 320 0
w -240 320 -240 304 0
w -240 304 -240 288 0
w -240 288 -240 272 0
w -240 272 -240 256 0
w -240 256 -240 240 0
w -240 240 -240 224 0
w -240 224 -240 208 0
w -240 208 -240 192 0
w -240 192 -240 176 0
w -240 176 -240 160 0
w -240 160 -240 144 0
w -240 144 -240 128 0
w -240 128 -240 112 0
w -240 112 -240 96 0
w -240 96 -240 80 0
w -240 80 -240 64 0
w -240 64 -240 48 0
w -240 384 -224 384 0
s -224 384 -176 384 0 1 false
w -32 48 -32 64 0
w -32 96 -32 112 0
t -160 224 -128 224 0 1 -4.105847557504729 0.08108458813410103 100
t -160 272 -128 272 0 1 0.011382950189633548 0.0835782270030545 100
w -128 208 -128 192 0
w -192 224 -192 176 0
t -64 144 -32 144 0 1 -4.451633062262161 0.13535159006031572 100
w -192 272 -192 320 0
w -32 112 -32 128 0
t -64 192 -32 192 0 1 0.5099959534863757 0.5279242119659678 100
w -128 240 -128 256 0
w -128 288 -128 448 0
w -192 176 -192 144 0
w -160 144 -144 144 0
w -32 160 -32 176 0
w -128 192 -128 96 0
r -128 96 -128 64 0 10000
w -128 64 -128 48 0
w -144 144 -96 144 0
r -96 144 -64 144 0 100000
w -192 144 -160 144 0
w -192 320 -192 336 0
w -192 336 -16 336 0
w 64 48 64 64 0
w 64 96 64 128 0
t 32 288 64 288 0 1 -0.33924198128791616 0.08437218030025839 100
t 32 336 64 336 0 1 -4.091177006725584 0.08357824294164905 100
w -128 192 -112 192 0
w -112 192 -96 192 0
w -112 192 -112 288 0
w 64 352 64 448 0
w 64 304 64 320 0
w 160 48 160 64 0
w -16 336 0 336 0
w -32 112 16 112 0
w 16 112 16 160 0
w 64 272 64 256 0
t 128 160 160 160 0 1 0.508084944915111 0.5802578493032903 100
t 128 208 160 208 0 1 0.5082777413576655 0.5820637948657964 100
w -32 208 -32 448 0
w 64 256 64 208 0
w 64 208 64 128 0
w 64 208 96 208 0
w 16 160 96 160 0
w 160 176 160 192 0
w 160 224 160 448 0
w 0 288 -16 288 0
w -16 288 -112 288 0
w -16 288 -16 400 0
w 416 288 320 288 0
w 432 288 416 288 0
w 592 224 592 448 0
w 592 176 592 192 0
w 448 160 528 160 0
w 496 208 528 208 0
w 496 208 496 128 0
w 496 256 496 208 0
w 400 208 400 448 0
t 560 208 592 208 0 1 0.5082777413730297 0.5820637948849016 100
t 560 160 592 160 0 1 0.5080849452283669 0.5802578493407355 100
w 496 272 496 256 0
w 448 112 448 160 0
w 400 112 448 112 0
w 416 336 432 336 0
w 496 304 496 320 0
w 496 352 496 448 0
w 320 192 320 288 0
w 320 192 336 192 0
w 304 192 320 192 0
t 464 336 496 336 0 1 -4.103226122806428 0.08058622923952394 100
t 464 288 496 288 0 1 -0.3330506977003802 0.08150636399963229 100
w 496 96 496 128 0
w 240 336 416 336 0
w 240 320 240 336 0
w 240 144 272 144 0
w 288 144 336 144 0
w 304 192 304 96 0
w 400 160 400 176 0
w 272 144 288 144 0
w 240 176 240 144 0
w 304 288 304 448 0
w 304 240 304 256 0
t 368 192 400 192 0 1 0.5100385417139509 0.527966798536167 100
w 400 112 400 128 0
w 240 272 240 320 0
t 368 144 400 144 0 1 -4.45895399847975 0.1280306974902633 100
w 240 224 240 176 0
w 304 208 304 192 0
t 272 272 304 272 0 1 0.012291069045349129 0.08058621274460225 100
t 272 224 304 224 0 1 -4.119359741870344 0.0776638226873194 100
w 400 96 400 112 0
w 304 64 304 48 0
w 400 64 400 48 0
w 496 64 496 48 0
w 592 64 592 48 0
w -176 384 192 384 0
w 192 384 192 272 0
w 192 272 240 272 0
w 160 144 160 128 0
w 160 128 160 96 0
w 160 128 192 128 0
w 192 128 192 224 0
w 192 224 240 224 0
w 416 288 416 368 0
w 416 368 624 368 0
w -16 400 -16 416 0
w -16 416 624 416 0
t 656 368 688 368 0 1 0.5054060911192686 0.5799221865627496 100
t 656 416 688 416 0 1 0.5056693722254456 0.5816050902233213 100
w 688 432 688 448 0
w 688 384 688 400 0
w 688 64 688 48 0
w 592 96 592 112 0
w 592 144 592 112 0
w 592 112 768 112 0
w 688 96 688 144 0
w 688 144 768 144 0
w 688 144 688 352 0
M 768 112 832 112 0 2.5
M 768 144 832 144 0 2.5
r -192 224 -160 224 0 100000
r 96 160 128 160 0 100000
r 96 208 128 208 0 100000
r 0 288 32 288 0 100000
r 240 224 272 224 0 100000
r 0 336 32 336 0 100000
r -96 192 -64 192 0 100000
r -192 272 -160 272 0 100000
r 336 144 368 144 0 100000
r 336 192 368 192 0 100000
r 240 272 272 272 0 100000
r 432 288 464 288 0 100000
r 432 336 464 336 0 100000
r 528 208 560 208 0 100000
r 528 160 560 160 0 100000
r 624 368 656 368 0 100000
r 624 416 656 416 0 100000
r -32 96 -32 64 0 10000
r 64 96 64 64 0 10000
r 160 96 160 64 0 10000
r 304 96 304 64 0 10000
r 400 96 400 64 0 10000
r 496 96 496 64 0 10000
r 592 96 592 64 0 10000
r 688 96 688 64 0 10000
